 En.-loss  
     1e-07 
    1.0459 
  0.807763 
  0.859212 
    1.0286 
   1.26638 
   1.54531 
   1.84946 
   2.16324 
   2.47842 
   2.78923 
   3.09179 
   3.38471 
   3.66541 
   3.93225 
   4.18505 
   4.42412 
   4.64987 
     4.863 
   5.06427 
   5.25449 
   5.43449 
   5.60507 
   5.76704 
   5.92113 
   6.06806 
   6.20843 
   6.34286 
   6.47188 
   6.59596 
   6.71554 
   6.83103 
   6.94275 
   7.05104 
   7.15616 
   7.25838 
    7.3579 
   7.45493 
   7.54965 
   7.64221 
   7.73275 
   7.82141 
   7.90829 
   7.99349 
   8.07711 
   8.15923 
   8.23991 
   8.31924 
   8.39726 
   8.47404 
